{
  "n_prompts": 50,
  "max_new_tokens": 100,
  "batch_size": 8,
  "results": {
    "serial": {
      "time": 185.2345678806305,
      "gen_tokens": 12345,
      "qps": 0.5398475945433941,
      "tps": 66.6549876543210
    },
    "batch": {
      "time": 29.876543045043945,
      "gen_tokens": 13210,
      "qps": 3.347106054735903,
      "tps": 442.1533706494591
    },
    "vllm": {
      "time": 2.3456788063049326,
      "gen_tokens": 13800,
      "qps": 42.63149611309248,
      "tps": 4883.123456789012
    }
  }
}
